,country,1960,1961,1962,1963,1964,1965,1966,1967,1968,1969,1970,1971,1972,1973,1974,1975,1976,1977,1978,1979,1980,1981,1982,1983,1984,1985,1986,1987,1988,1989,1990,1991,1992,1993,1994,1995,1996,1997,1998,1999,2000,2001,2002,2003,2004,2005,2006,2007,2008,2009,2010,2011,2012,2013,2014,2015,2016,2017,2018,2019,2020,2021
0,Argentina,7410,7690,7500,6990,7570,8240,8060,8190,8450,9130,9260,9630,9630,9740,10100,9940,9580,10100,9480,10300,10300,9590,9370,9620,9620,8990,9400,9510,9260,8470,8140,8760,9330,9960,10400,9970,10400,11100,11400,10900,10700,10100,8900,9580,10300,11100,11900,12900,13200,12300,13600,14200,13900,14100,13600,13800,13400,13600,13100,12700,11300,12400
1,Australia,19900,20000,19800,20600,21700,22500,22500,23600,24400,25600,26900,27000,27600,27900,28300,28300,28800,29500,29400,30200,30800,31300,31800,30700,31700,32900,33700,34100,35500,36200,37000,36400,36100,37200,38300,39400,40400,41600,43000,44700,45900,46200,47500,48500,50000,50900,51600,52600,53400,53300,53600,54100,55300,55700,56300,56700,57400,57700,58500,58900,58100,59300
2,Austria,12100,12600,12900,13400,14100,14500,15200,15500,16100,17100,18100,18900,20000,20900,21700,21600,22700,23800,23800,25100,25500,25400,25900,26700,26700,27400,28000,28400,29300,30300,31300,32100,32400,32299,33000,33800,34500,35200,36400,37700,38800,39200,39600,39800,40700,41300,42500,43900,44400,42700,43300,44500,44500,44300,44200,44200,44600,45300,46200,46600,43500,45200
3,Burundi,291,245,260,265,274,277,283,314,306,295,351,352,330,353,342,336,355,386,372,369,358,385,372,376,367,402,407,420,431,429,435,448,441,427,408,354,326,321,330,319,310,309,313,300,303,295,300,299,301,297,298,299,301,305,308,289,283,278,274,270,263,261
4,Belgium,11700,12300,12900,13300,14100,14500,14800,15300,15900,16900,17800,18500,19400,20600,21500,21000,22100,22300,22900,23400,24400,24300,24500,24600,25200,25600,26000,26600,27800,28600,29400,29900,30200,29800,30700,31300,31700,32800,33400,34500,35700,35900,36400,36600,37800,38400,39100,40300,40200,39000,39800,39900,40000,40000,40400,41000,41300,41800,42400,43100,40600,42900
5,Benin,657,668,634,653,684,707,718,712,725,731,731,704,734,744,752,698,688,705,696,722,751,803,798,742,778,813,807,771,774,729,771,779,778,788,774,804,818,840,847,865,889,908,922,926,938,924,932,960,977,971,963,963,980,1020,1050,1040,1050,1070,1110,1150,1160,1210
6,Burkina Faso,244,250,262,254,256,262,259,277,281,282,277,276,278,274,292,294,313,307,313,316,310,315,336,328,313,330,346,336,346,344,333,354,347,350,345,356,385,399,417,435,430,445,450,470,476,501,516,521,536,536,564,584,603,619,627,632,650,671,696,716,710,740
7,Bangladesh,441,455,465,450,484,477,475,452,481,473,487,455,386,388,415,389,402,403,422,432,425,444,441,446,455,458,466,473,474,477,493,500,518,532,542,560,575,590,609,625,646,666,679,699,723,759,800,847,890,927,968,1020,1070,1120,1170,1240,1310,1380,1460,1560,1590,1680
8,Bahamas,19200,20300,21300,22400,23700,25100,26200,27400,28400,29700,27000,26700,25100,26400,21500,17900,18500,19700,22100,27300,28500,25400,26600,27000,30300,31100,31100,31400,31500,33000,31900,29900,28200,27700,28000,28700,29300,30800,28900,32000,32800,33200,33700,32800,32600,33300,33700,33700,32400,30600,30700,30500,31100,29900,30200,30200,29700,30400,30700,31100,23600,26700
9,Belize,1560,1590,1630,1660,1700,1730,1760,1790,1860,1900,1950,1990,2160,2240,2510,2560,2510,2620,2770,2910,3230,3190,3110,2970,2960,2920,2990,3230,3470,3840,4190,4570,5010,5220,5120,5020,4920,4930,4940,5200,5690,5800,5900,6260,6350,6300,6400,6420,6150,5960,5880,5740,5830,5960,6070,6140,6020,5810,5760,5910,5040,5730
10,Bermuda,37900,38800,39500,39000,42300,43300,48600,54000,54100,54900,57300,59700,61200,62600,63600,66500,72200,76200,77000,78400,83200,84600,79600,80500,80200,77900,82400,84800,87500,87100,86400,83800,84400,86400,86400,89500,91300,94900,97900,101000,109000,116000,113000,116000,118000,119000,125000,129000,126000,118000,116000,112000,106000,105000,101000,102000,102000,107000,107000,107000,99700,105000
11,Bolivia,1280,1280,1320,1380,1400,1440,1510,1570,1670,1710,1760,1810,1910,1970,1990,2090,2130,2190,2180,2140,2060,2020,1900,1790,1750,1680,1600,1610,1620,1650,1690,1740,1730,1770,1820,1870,1910,1970,2030,2000,2020,2020,2030,2050,2100,2150,2220,2280,2380,2410,2470,2560,2640,2780,2880,2980,3050,3140,3220,3240,2920,3060
12,Brazil,2580,2720,2810,2750,2760,2750,2850,2890,3100,3300,3560,3870,4220,4700,4960,5100,5490,5630,5770,6010,6420,6000,5910,5610,5790,6110,6430,6530,6400,6480,6090,6040,5910,6100,6360,6520,6570,6690,6610,6550,6750,6750,6870,6870,7180,7330,7530,7910,8230,8140,8670,8940,9030,9220,9180,8780,8430,8470,8550,8590,8200,8540
13,Botswana,396,412,430,445,464,484,511,537,590,675,783,966,1180,1360,1410,1450,1520,1620,1760,1880,2000,2080,2250,2450,2570,2650,2770,3000,3460,3790,3930,4110,4110,4070,4100,4270,4410,4670,4590,4920,4920,4830,5030,5170,5220,5360,5700,5910,5980,5030,5430,5680,5570,6070,6290,5870,6170,6290,6420,6490,5810,6370
14,Central African Republic,584,602,569,554,554,548,540,553,548,574,574,568,557,557,581,572,594,610,611,590,558,543,579,526,570,585,599,562,563,560,531,512,464,451,459,478,447,458,467,470,446,455,461,426,442,436,448,460,460,488,501,514,535,338,339,352,362,372,378,381,375,371
15,Chile,3290,3390,3460,3590,3610,3570,3900,3970,4040,4130,4130,4450,4330,4050,4080,3500,3580,3890,4130,4410,4690,4930,4320,4050,4150,4260,4420,4630,4890,5290,5380,5710,6240,6550,6780,7280,7670,8130,8360,8240,8550,8720,8900,9230,9750,10200,10700,11200,11500,11200,11800,12400,13000,13300,13400,13600,13600,13600,13900,13800,12800,14100
16,China,238,175,164,176,204,233,250,230,215,244,284,295,299,315,316,337,327,347,381,405,431,447,480,524,596,667,716,787,861,884,905,975,1100,1240,1380,1520,1650,1790,1910,2040,2190,2360,2560,2800,3060,3390,3800,4320,4710,5130,5650,6150,6590,7060,7530,8020,8520,9050,9620,10200,10400,11200
17,Cote d'Ivoire,1480,1570,1530,1680,1900,1770,1900,1920,2070,2180,2310,2420,2420,2450,2440,2520,2730,2820,3020,2980,2550,2540,2460,2270,2140,2150,2150,2070,2020,2010,1910,1840,1770,1700,1650,1710,1780,1880,1900,1870,1810,1730,1640,1520,1530,1510,1520,1510,1550,1570,1640,1520,1600,1740,1860,1940,2030,2120,2210,2290,2280,2380
18,Cameroon,943,939,949,962,973,969,990,860,892,912,916,923,923,946,1020,1100,1010,1120,1330,1380,1300,1470,1550,1620,1690,1770,1830,1740,1550,1480,1350,1260,1180,1060,1050,1050,1060,1080,1110,1120,1140,1160,1180,1210,1260,1250,1260,1280,1280,1280,1280,1280,1310,1330,1370,1400,1420,1430,1450,1450,1420,1430
19,"Congo, Dem. Rep.",1250,1090,1290,1320,1250,1230,1280,1230,1240,1320,1280,1320,1290,1360,1360,1260,1160,1140,1050,1020,1010,1000,972,959,983,958,974,970,944,904,817,724,629,527,483,466,453,421,404,376,340,323,322,331,342,352,359,370,380,379,393,406,421,441,466,482,477,478,489,495,487,501
20,"Congo, Rep.",1190,1250,1290,1200,1210,1220,1200,1200,1250,1300,1350,1410,1480,1560,1630,1700,1680,1490,1550,1660,1910,2200,2660,2760,2880,2760,2490,2430,2400,2390,2350,2340,2330,2250,2060,2090,2120,2060,2100,1990,2060,2060,2100,2060,2060,2140,2230,2010,2060,2210,2330,2310,2470,2390,2490,2350,2050,1910,1770,1730,1590,1520
21,Colombia,1950,1990,2030,2030,2100,2110,2150,2180,2250,2330,2410,2490,2630,2740,2830,2840,2910,2960,3140,3240,3290,3290,3250,3220,3250,3280,3400,3510,3570,3620,3700,3690,3770,3890,4040,4170,4180,4250,4200,3950,4000,4010,4050,4140,4300,4450,4680,4940,5040,5040,5210,5510,5670,5900,6110,6230,6290,6280,6320,6400,5870,6420
22,Costa Rica,3560,3500,3560,3670,3680,3850,3990,4090,4310,4420,4620,4810,5070,5320,5470,5450,5600,5940,6140,6270,6150,5850,5280,5280,5550,5430,5580,5690,5740,5910,5970,5950,6340,6620,6750,6870,6800,7010,7360,7510,7650,7770,7900,8110,8340,8550,9040,9650,9970,9750,10100,10500,10800,11000,11200,11500,11900,12300,12500,12700,12100,12900
23,Denmark,18100,19100,20100,20000,21700,22500,23000,24000,25200,26700,26900,27500,28500,29500,29000,28500,30100,30600,31100,32299,32100,31900,33100,33900,35400,36800,38500,38600,38600,38800,39300,39700,40400,40300,42300,43300,44300,45600,46400,47600,49200,49500,49500,49600,50800,51800,53700,53900,53300,50500,51200,51600,51600,51800,52400,53300,54600,55700,56600,57200,55900,58400
24,Dominican Republic,1370,1300,1470,1520,1570,1330,1470,1470,1430,1540,1770,1910,2060,2260,2340,2400,2500,2560,2550,2600,2750,2800,2790,2850,2830,2710,2750,2960,2960,3030,2800,2770,3020,3180,3200,3320,3450,3700,3880,4050,4180,4210,4340,4220,4270,4610,4970,5270,5370,5350,5720,5830,5910,6120,6470,6840,7210,7460,7890,8210,7570,8410
25,Algeria,2110,1790,1410,1870,1940,2030,1900,2030,2200,2330,2480,2150,2680,2720,2850,2890,2980,3020,3210,3340,3270,3260,3360,3420,3490,3500,3400,3270,3150,3210,3150,3040,3030,2900,2810,2860,2930,2910,3010,3070,3140,3190,3320,3510,3610,3770,3780,3850,3870,3870,3930,3970,4030,4060,4130,4200,4250,4220,4190,4150,3870,3940
26,Ecuador,2530,2580,2630,2610,2730,2730,2650,2690,2660,2710,2810,2900,2960,3280,3550,3830,4000,3960,4070,4110,4150,4270,4190,4070,4070,4120,4160,4050,4180,4130,4180,4260,4260,4260,4360,4370,4370,4480,4540,4250,4230,4320,4420,4460,4750,4910,5040,5060,5290,5240,5330,5660,5880,6080,6220,6130,5970,6010,5980,5860,5330,5490
27,Egypt,751,769,778,838,910,930,953,937,900,925,955,972,980,993,987,1050,1170,1240,1320,1340,1440,1500,1610,1650,1760,1810,1840,1860,1910,1950,2010,1990,2030,2040,2070,2120,2180,2250,2330,2420,2520,2550,2560,2590,2640,2700,2830,2970,3130,3210,3310,3290,3290,3280,3300,3370,3440,3520,3630,3770,3840,3900
28,Spain,6220,6890,7500,8150,8500,8930,9480,9770,10300,11100,11400,11800,12600,13500,14100,14000,14300,14600,14600,14500,14700,14600,14700,14900,15100,15400,15800,16700,17500,18300,19000,19400,19500,19200,19600,20000,20400,21100,22000,22800,23900,24700,25000,25300,25700,26100,26800,27200,27000,25800,25700,25400,24600,24400,24800,25800,26500,27200,27700,28100,24800,26100
29,Finland,11400,12200,12500,12800,13400,14100,14300,14600,14800,16300,17100,17500,18800,19900,20500,20800,20800,20800,21300,22800,23900,24100,24700,25400,26000,26900,27500,28400,29800,31200,31300,29300,28200,27800,28800,29900,30900,32800,34500,35900,37900,38800,39400,40000,41500,42500,44100,46200,46400,42400,43600,44500,43600,43000,42700,42800,43900,45200,45600,46100,45100,46300
30,Fiji,2150,2160,2170,2230,2270,2150,2090,2310,2430,2440,2700,2830,2980,3280,3310,3270,3300,3420,3400,3720,3570,3710,3400,3190,3370,3140,3320,3050,3040,3230,3380,3270,3460,3530,3700,3790,3950,3820,3830,4120,4000,4040,4130,4130,4300,4290,4330,4260,4270,4190,4300,4400,4450,4650,4890,5110,5220,5500,5710,5680,4700,4440
31,France,11200,11600,12300,12900,13600,14100,14700,15200,15800,16700,17600,18400,19000,20100,20800,20500,21300,21900,22700,23400,23600,23700,24200,24400,24600,24900,25300,25800,26900,27900,28600,28700,29000,28700,29200,29700,30100,30700,31600,32500,33600,34000,34100,34200,34900,35200,35800,36500,36400,35100,35600,36200,36200,36200,36400,36700,37000,37700,38300,38800,35700,38000
32,Gabon,3300,3750,3980,4170,4300,4590,4730,4850,4890,5180,5520,5960,6500,7010,9580,11200,14800,12600,9370,9180,9170,9390,8860,9110,9530,9060,8740,7050,7740,8170,8360,8630,8150,8250,8330,8520,8610,8880,8960,7960,7610,7570,7360,7320,7170,7160,6750,6940,6500,6300,6510,6740,6840,6980,7040,7090,7040,6890,6790,6890,6620,6580
33,United Kingdom,14900,15200,15200,15900,16600,16900,17000,17400,18300,18600,19800,20400,21200,22500,21900,21600,22200,22800,23800,24600,24100,23900,24400,25400,25900,27000,27700,29200,30800,31500,31600,31200,31200,31900,33100,33800,34400,35800,36800,37800,39200,39900,40400,41500,42200,43000,43700,44400,44000,41700,42400,42500,42800,43300,44400,45100,45700,46500,47000,47500,42100,45100
34,Ghana,1110,1110,1130,1150,1150,1140,1060,1070,1050,1090,1160,1190,1130,1130,1170,994,932,925,973,920,897,841,759,702,743,763,784,802,827,847,852,875,887,907,915,931,952,969,990,1010,1020,1030,1050,1080,1110,1140,1180,1200,1280,1310,1380,1530,1630,1710,1720,1710,1730,1830,1900,1980,1950,2010
35,Greece,5030,5650,5640,6280,6850,7550,7980,8360,8910,9900,10700,11500,12600,13600,12600,13300,14000,14200,15100,15400,15300,15000,14700,14500,14700,15000,15000,14600,15200,15700,15500,15800,15800,15500,15700,15900,16300,17000,17500,18000,18600,19300,20000,21100,22100,22200,23400,24100,23900,22800,21600,19400,18100,17800,18000,18100,18100,18300,18600,19000,17300,18900
36,Guatemala,1850,1880,1890,2010,2040,2070,2130,2150,2280,2330,2400,2470,2590,2700,2810,2800,2940,3100,3180,3250,3290,3230,3030,2880,2810,2720,2650,2670,2700,2730,2730,2760,2820,2850,2900,2970,2980,3040,3120,3160,3200,3190,3240,3250,3280,3320,3430,3570,3620,3570,3610,3690,3730,3800,3900,3990,4030,4090,4160,4260,4120,4390
37,Guyana,2720,2770,2720,2330,2530,2730,2820,2890,2880,3030,3120,3180,3040,3040,3240,3480,3500,3370,3280,3190,3230,3270,2840,2650,2530,2600,2590,2630,2550,2440,2390,2540,2730,2950,3190,3340,3600,3810,3740,3850,3790,3870,3910,3890,3950,3870,4080,4380,4480,4650,4870,5150,5420,5590,5660,5670,5850,6040,6130,6350,9130,10900
38,Honduras,1200,1180,1220,1220,1250,1330,1360,1400,1450,1420,1420,1440,1470,1540,1480,1470,1570,1680,1730,1770,1720,1650,1570,1540,1590,1630,1670,1730,1710,1710,1700,1600,1650,1710,1670,1720,1710,1740,1750,1690,1770,1770,1790,1820,1890,1950,2030,2110,2150,2050,2090,2120,2170,2190,2210,2260,2300,2370,2420,2450,2190,2430
39,Haiti,1710,1630,1730,1670,1610,1620,1580,1520,1540,1570,1550,1620,1600,1650,1720,1700,1810,1840,1920,2030,2130,2030,1920,1900,1870,1840,1790,1740,1710,1630,1610,1610,1490,1380,1200,1290,1320,1330,1330,1350,1330,1300,1290,1320,1280,1300,1300,1340,1350,1410,1310,1360,1350,1390,1390,1400,1410,1430,1430,1390,1320,1280
40,Indonesia,597,615,609,579,583,575,577,570,616,640,670,698,728,767,801,825,862,911,950,994,1070,1120,1120,1150,1200,1200,1250,1280,1330,1410,1480,1560,1630,1710,1810,1920,2040,2100,1800,1780,1850,1890,1940,2010,2080,2170,2260,2380,2490,2570,2700,2830,2960,3090,3200,3320,3450,3590,3740,3890,3780,3890
41,India,306,310,312,323,339,323,316,333,337,351,361,359,350,353,349,373,371,389,402,373,389,403,408,428,434,447,458,465,499,517,534,529,546,561,586,618,652,665,693,741,755,778,793,841,892,948,1010,1070,1090,1160,1240,1290,1340,1400,1490,1590,1700,1800,1890,1940,1800,1940
42,Iran,2350,2520,2650,2750,2900,3300,3570,3860,4290,4820,5200,5740,6390,6680,6860,6640,7620,7190,6070,5170,3910,3510,4120,4420,3960,3890,3390,3280,2990,3080,3360,3650,3680,3600,3530,3560,3740,3740,3760,3770,3930,3950,4230,4550,4680,4750,4910,5230,5170,5160,5380,5450,5180,5030,5180,4990,5330,5400,5210,5020,5140,5340
43,Italy,9690,10400,11000,11500,11700,12000,12600,13500,14200,15000,15700,15900,16400,17500,18300,17800,19000,19400,20000,21100,21800,22000,22000,22300,23000,23600,24300,25100,26100,27000,27500,27900,28100,27900,28400,29300,29600,30200,30700,31200,32400,33000,33000,32900,33200,33300,33800,34100,33500,31600,32100,32200,31200,30300,30000,30200,30700,31200,31600,32100,29400,31500
44,Japan,6260,6950,7500,8060,8900,9320,10200,11200,12500,13900,14100,14500,15500,16500,16000,16300,16800,17400,18100,19000,19300,20000,20500,21100,21900,22900,23500,24500,26000,27200,28400,29300,29500,29200,29500,30200,31000,31300,30800,30600,31400,31500,31400,31800,32500,33100,33500,34000,33600,31700,32900,33000,33500,34200,34400,35000,35200,35900,36100,36100,34600,35300
45,Kenya,787,699,737,770,777,762,840,834,866,898,824,971,1100,1120,1130,1100,1090,1150,1190,1240,1260,1260,1240,1210,1180,1190,1230,1260,1290,1300,1310,1290,1240,1210,1210,1230,1240,1210,1220,1220,1190,1200,1170,1170,1190,1220,1260,1310,1270,1280,1340,1370,1400,1420,1460,1500,1530,1550,1600,1650,1620,1700
46,South Korea,1030,1070,1080,1140,1220,1270,1390,1480,1640,1840,1980,2140,2250,2550,2740,2910,3240,3580,3910,4190,4060,4280,4570,5100,5570,5950,6560,7320,8120,8610,9370,10300,10800,11400,12400,13400,14300,15100,14200,15700,17000,17700,18900,19400,20400,21200,22200,23400,23900,23900,25500,26200,26700,27400,28100,28700,29500,30300,31100,31600,31400,32700
47,Lesotho,262,259,290,311,326,323,312,334,321,315,310,315,304,371,398,332,357,422,486,486,460,450,457,454,466,465,474,467,497,516,537,565,595,607,635,648,676,695,701,702,727,753,759,795,812,844,879,913,958,939,982,1020,1080,1080,1090,1110,1140,1090,1080,1070,972,974
48,Luxembourg,25500,26300,26300,26900,28700,28200,28300,28200,29400,32100,35500,36100,38000,40700,41900,38700,39500,40100,41600,42500,42700,42300,42800,44100,46700,47900,52500,54200,58400,63500,66000,70800,71100,73100,74900,74900,74900,78000,82200,87700,92500,94200,96300,97600,100000,101000,106000,112000,110000,105000,107000,105000,104000,105000,106000,105000,108000,107000,106000,107000,104000,108000
49,Madagascar,818,814,811,783,793,769,764,784,815,822,841,848,812,767,759,746,702,697,659,703,690,604,576,566,560,551,546,537,540,546,546,497,488,483,468,461,456,458,461,468,474,488,415,442,452,460,471,483,501,467,457,451,452,450,453,456,462,468,470,479,434,442
50,Mexico,3900,3960,4020,4200,4550,4710,4830,4950,5240,5250,5420,5450,5710,5970,6130,6290,6380,6400,6770,7220,7680,8150,7950,7520,7630,7650,7280,7280,7250,7420,7660,7830,7950,7950,8190,7530,7900,8290,8580,8670,8950,8780,8650,8640,8850,8930,9200,9290,9280,8680,9000,9200,9400,9400,9550,9750,9900,10000,10100,10000,9150,9530
51,Malawi,181,190,187,180,180,199,220,231,221,228,224,253,262,261,273,281,287,291,309,311,300,273,269,268,272,274,263,255,249,241,245,259,233,252,229,268,282,287,292,294,292,271,269,277,285,286,291,310,325,342,355,361,358,366,376,376,375,380,386,396,389,389
52,Malaysia,1290,1340,1390,1440,1480,1550,1620,1640,1730,1770,1830,1970,2100,2300,2430,2390,2600,2730,2830,3020,3160,3290,3400,3520,3690,3550,3490,3560,3800,4020,4260,4540,4800,5140,5450,5830,6240,6520,5880,6090,6460,6330,6510,6720,7000,7210,7440,7740,7950,7680,8100,8390,8710,8980,9370,9700,9980,10400,10800,11100,10400,10600
53,Niger,744,755,808,859,835,867,839,816,797,732,734,755,697,563,596,564,553,579,638,664,628,608,602,562,453,474,489,475,492,482,461,445,440,428,422,418,405,398,423,408,389,403,409,403,390,404,413,411,427,419,438,432,460,466,479,481,489,495,511,521,520,508
54,Nigeria,1460,1430,1460,1550,1590,1640,1530,1270,1220,1490,1820,2030,2050,2110,2290,2110,2230,2300,2100,2180,2200,1860,1680,1460,1410,1450,1410,1420,1490,1480,1610,1570,1610,1530,1470,1430,1450,1460,1460,1430,1460,1510,1690,1770,1880,1950,2010,2090,2170,2280,2400,2460,2490,2590,2680,2680,2570,2530,2510,2510,2400,2430
55,Nicaragua,1670,1740,1870,2010,2180,2310,2320,2400,2360,2420,2380,2380,2360,2430,2690,2610,2660,2790,2500,1790,1820,1870,1800,1840,1760,1650,1600,1550,1320,1270,1240,1210,1190,1160,1170,1210,1270,1290,1320,1390,1430,1450,1440,1460,1520,1570,1610,1670,1700,1620,1670,1750,1840,1900,1960,2030,2090,2150,2050,1950,1890,2050
56,Netherlands,14300,14100,14900,15200,16300,17400,17700,18400,19400,20400,21400,22000,22600,23600,24200,24000,24900,25400,25900,26200,26400,26000,25500,26000,26700,27200,27800,28200,29000,30100,31100,31600,31900,32100,32800,33700,34700,36000,37500,39100,40500,41100,40900,40800,41500,42200,43600,45100,45900,44000,44400,44900,44200,44100,44500,45200,45900,47000,47800,48400,46300,48300
57,Norway,19100,20200,20600,21200,22100,23100,23800,25000,25400,26300,26600,27900,29200,30300,31300,32700,34400,35700,36900,38400,40100,40600,40500,42000,44400,46700,48400,49100,48700,49000,49700,51000,52600,53700,56100,58200,60800,63600,64900,65800,67400,68500,69100,69300,71700,73000,74200,75600,75000,72800,72400,72200,73200,73000,73700,74400,74500,75600,76000,76000,75000,77500
58,Nepal,326,326,325,325,343,331,347,335,330,337,339,327,330,322,335,332,340,342,349,349,333,353,358,339,363,376,385,383,404,412,421,436,441,446,471,476,491,506,511,524,547,564,556,570,590,604,619,635,670,696,726,748,781,807,853,882,878,946,1010,1060,1020,1040
59,Pakistan,371,384,392,416,437,470,485,498,519,533,578,565,555,578,581,588,600,605,633,634,671,693,708,729,743,773,788,809,841,853,862,877,920,913,920,937,953,935,932,939,949,953,952,986,1040,1080,1120,1150,1140,1150,1140,1150,1170,1200,1240,1280,1340,1380,1440,1450,1410,1470
60,Panama,2720,2930,3080,3240,3290,3480,3630,3830,3980,4190,4360,4650,4730,4850,4840,4790,4750,4690,5030,5130,5670,6050,6220,5810,5830,5980,6060,5820,4930,4900,5190,5560,5890,6080,6130,6110,6230,6500,6840,6970,7020,6930,6940,7100,7490,7870,8390,9230,9950,9900,10300,11200,12100,12700,13200,13700,14100,14600,14900,15100,12200,13900
61,Peru,2700,2820,3010,3050,3160,3240,3410,3440,3340,3370,3390,3460,3480,3600,3840,3910,3870,3780,3590,3650,3770,3880,3780,3300,3340,3330,3560,3820,3380,2900,2700,2700,2630,2710,2990,3150,3170,3320,3250,3240,3280,3260,3390,3500,3640,3830,4080,4400,4760,4780,5140,5420,5700,5980,6060,6180,6340,6400,6530,6550,5750,6440
62,Philippines,1100,1130,1150,1200,1200,1230,1250,1290,1310,1340,1360,1390,1430,1520,1530,1580,1670,1720,1760,1810,1850,1870,1890,1880,1700,1550,1570,1600,1670,1730,1740,1690,1660,1660,1690,1730,1780,1830,1780,1790,1830,1850,1880,1930,2020,2080,2150,2250,2300,2290,2420,2460,2590,2720,2840,2970,3130,3290,3440,3590,3200,3330
63,Papua New Guinea,1320,1370,1420,1450,1540,1660,1720,1750,1780,1890,2040,2120,2190,2280,2280,2210,2090,2060,2190,2190,2100,2050,2010,2030,1980,2020,2070,2080,2100,2020,1910,2020,2220,2530,2590,2410,2510,2320,2160,2120,2000,1930,1860,1840,1830,1890,1930,2010,1950,2020,2150,2120,2150,2180,2410,2500,2580,2600,2540,2590,2460,2410
64,Puerto Rico,6310,6630,7040,7480,7850,8450,8970,9460,9880,10700,11500,12000,12600,13100,13200,12900,13500,14100,14900,15900,16300,16300,15900,15400,16100,16500,17100,17900,18800,19500,18700,19000,19800,20500,21200,21900,22200,23100,24200,25400,26100,27700,27900,27900,30400,29800,29500,29300,29000,28600,28600,28800,29200,29400,29600,29800,30000,29800,29700,30200,28100,28300
65,Portugal,3930,4120,4360,4600,4890,5270,5530,5980,6540,6740,7660,8200,8870,9860,9840,9060,9410,9830,10000,10500,10800,10900,11100,11000,10700,11000,11500,12200,13100,14000,14600,15200,15400,15100,15200,15800,16300,16900,17600,18200,18800,19000,19100,18800,19100,19200,19500,20000,20000,19300,19700,19400,18700,18600,18800,19300,19700,20400,21100,21600,19800,20800
66,Paraguay,1500,1560,1580,1610,1640,1700,1690,1800,1840,1880,1940,2000,2090,2180,2310,2410,2530,2750,3000,3270,3560,3790,3630,3420,3420,3480,3550,3720,3830,3980,4040,4070,4030,4130,4240,4420,4390,4470,4380,4230,4060,3950,3900,4020,4130,4170,4330,4520,4760,4700,5160,5320,5210,5560,5770,5860,6030,6230,6340,6230,6100,6260
67,Rwanda,342,318,346,305,261,272,283,294,305,328,337,331,322,324,319,303,352,349,370,402,423,430,422,431,399,403,410,395,400,389,371,353,366,326,190,305,291,290,306,315,337,361,401,401,420,447,476,498,539,558,584,614,651,666,690,733,758,769,815,871,822,890
68,Sudan,1410,1370,1430,1350,1300,1350,1270,1250,1240,1230,1270,1260,1160,1130,1220,1360,1530,1560,1410,1290,1260,1300,1330,1310,1220,1120,1160,1300,1290,1400,1300,1370,1440,1480,1460,1510,1560,1800,1830,1850,1910,1970,2040,2110,2160,2210,2290,2340,2360,2220,2240,2380,2220,2210,2250,2230,2230,2180,2050,1950,1830,1750
69,Senegal,1170,1180,1140,1130,1140,1120,1120,1080,1110,1010,1060,1030,1070,977,989,1030,1100,1040,979,1020,1040,1060,1120,1030,1040,1050,1050,1080,1040,1050,1020,1010,998,984,958,985,981,987,1020,1060,1080,1100,1070,1100,1130,1150,1140,1140,1160,1160,1160,1150,1160,1160,1200,1240,1280,1340,1380,1410,1390,1440
70,Singapore,3610,3780,3950,4240,4000,4210,4530,4980,5560,6240,7000,7720,8590,9330,9730,9970,10600,11100,11900,12800,14000,14700,15100,16200,17300,17100,17400,19000,20600,22000,23300,24100,25000,27100,29200,30400,31300,32800,31000,32600,34900,33600,34600,36700,39900,41800,44200,46200,44600,43300,48800,50700,51700,53300,54700,55600,56900,59500,61400,61300,59000,66200
71,Sierra Leone,501,501,514,514,538,566,564,553,554,589,628,637,631,633,643,641,627,615,618,633,650,655,673,644,656,608,600,626,566,556,553,559,461,468,457,419,424,394,397,387,403,356,426,447,461,469,478,505,519,521,534,553,620,730,744,577,597,607,614,631,604,615
72,Suriname,3870,3920,3930,3990,4100,4440,5120,5550,5770,5830,5790,5830,5720,5630,5680,5870,6440,7160,7710,7760,7120,7610,7260,6940,6750,6800,6760,6270,6670,6850,6470,6590,6560,6080,6230,6110,6050,6260,6280,6080,6100,6240,6310,6600,7070,7310,7640,7940,8180,8330,8660,9070,9210,9390,9320,8910,8380,8430,8750,8760,7280,7010
73,Sweden,16500,17400,18000,18900,20000,20600,20800,21400,22000,22900,24400,24400,24900,25900,26600,27200,27400,26900,27200,28200,28700,28800,29100,29600,30900,31500,32200,33200,33900,34600,34600,33900,33400,32500,33500,34600,35100,36200,37700,39300,41100,41600,42400,43200,44900,46000,47900,49100,48500,46000,48400,49500,48900,49000,49900,51500,52000,52600,53000,53500,52000,54300
74,Seychelles,3230,2990,3150,3390,3500,3380,3750,3680,3860,3770,4010,4550,4720,5070,5050,5090,5800,5330,6420,7370,6990,6340,6230,6130,6370,7020,6960,6970,7320,8090,8610,8730,9310,9690,9360,9150,9460,10500,11100,11100,11200,10900,10700,10200,9940,10800,11600,12700,12200,12000,12300,13700,13700,14300,14700,15200,15800,16300,16600,17000,15600,16600
75,Chad,560,557,576,556,531,524,506,500,489,512,512,490,485,434,446,476,481,483,472,364,341,345,346,381,384,463,431,407,454,460,429,449,465,383,413,400,391,399,413,396,379,410,429,473,605,682,663,662,659,663,728,703,739,754,778,774,703,660,653,653,622,596
76,Togo,324,358,365,377,422,475,502,510,514,548,542,525,550,556,569,569,545,569,617,571,636,597,557,509,520,532,524,511,529,534,517,499,466,398,456,470,493,546,518,515,497,488,493,513,495,460,459,440,445,457,472,489,508,525,542,559,576,586,601,618,614,632
77,Thailand,598,612,638,669,693,727,784,827,869,899,974,993,1010,1080,1100,1130,1200,1290,1390,1440,1480,1530,1580,1640,1700,1740,1810,1940,2160,2390,2610,2790,2970,3170,3370,3600,3750,3600,3280,3400,3510,3600,3790,4020,4240,4390,4570,4780,4830,4760,5080,5090,5430,5540,5560,5710,5880,6100,6340,6460,6040,6120
78,Trinidad and Tobago,4290,4800,4830,5010,5300,5250,5380,5420,5630,5720,5860,5860,6120,6130,6280,6290,6610,7120,7730,7890,8590,8870,9090,8060,7510,7110,6780,6390,6080,5970,6010,6150,6720,6630,6830,7060,7530,8070,8690,9360,9970,10300,11100,12600,13500,14300,16100,16800,17200,16400,16800,16700,17600,18200,18700,18400,17000,16100,15700,15600,14400,14200
79,Turkey,2510,2470,2540,2690,2770,2780,3010,3070,3200,3250,3270,3380,3550,3580,3700,3890,4210,4260,4230,4110,3930,4040,4100,4200,4380,4470,4680,5020,5040,4960,5320,5260,5430,5740,5380,5700,6020,6380,6430,6120,6450,5990,6290,6570,7110,7650,8070,8380,8340,7840,8390,9210,9510,10100,10400,10900,11000,11700,11900,11900,12100,13300
80,Uruguay,6160,6230,6060,6000,6080,6080,6200,5920,5980,6290,6400,6350,6230,6210,6350,6700,6910,6970,7300,7720,8130,8220,7390,6600,6490,6550,7090,7610,7680,7710,7690,7910,8490,8670,9240,9060,9510,10300,10700,10400,10200,9750,8980,9040,9490,10200,10600,11300,12000,12500,13500,14100,14600,15200,15600,15700,15900,16100,16100,16200,15200,15900
81,United States,19100,19300,20100,20700,21600,22700,23900,24200,25100,25700,25300,25800,26900,28100,27700,27400,28600,29600,30900,31500,31200,31600,30800,31900,33900,35000,35900,36800,38000,39000,39300,38700,39600,40100,41200,41800,42900,44300,45700,47400,48700,48700,49100,50000,51500,52800,53700,54300,53900,52000,53000,53400,54200,54800,55700,56800,57300,58200,59600,60700,58500,61900
82,St. Vincent and the Grenadines,1890,1940,1980,1830,1860,1850,1820,1620,1700,1730,1890,1920,2390,2100,1900,1740,1900,2140,2330,2390,2440,2530,2630,2670,2830,2990,3140,3140,3580,3620,3760,3790,4020,4180,4110,4420,4480,4630,4830,4970,5060,5150,5440,5820,6080,6270,6740,7000,7070,7000,6720,6710,6830,7040,7160,7390,7730,7890,8150,8210,7800,7930
83,South Africa,3970,4010,4140,4310,4510,4640,4700,4880,4930,5010,5120,5180,5120,5200,5370,5310,5280,5140,5150,5210,5410,5550,5390,5150,5270,5050,4890,4820,4850,4800,4640,4480,4290,4270,4330,4390,4510,4570,4530,4590,4740,4820,4950,5050,5230,5460,5710,5950,6070,5910,6020,6130,6190,6260,6250,6200,6190,6230,6250,6190,5730,5950
84,Zambia,1200,1180,1110,1110,1210,1370,1250,1310,1280,1240,1260,1220,1300,1250,1290,1230,1270,1170,1140,1080,1080,1110,1040,992,958,945,924,921,952,918,890,868,832,868,774,777,805,815,791,806,815,833,844,875,907,941,981,1030,1070,1130,1200,1220,1270,1290,1310,1310,1320,1320,1330,1310,1240,1260
85,Zimbabwe,1140,1170,1150,1190,1140,1160,1140,1200,1180,1290,1530,1620,1700,1690,1740,1650,1610,1460,1400,1420,1540,1620,1600,1570,1480,1530,1520,1480,1550,1580,1650,1700,1500,1500,1630,1610,1750,1770,1790,1750,1680,1690,1530,1260,1180,1110,1060,1010,825,914,1100,1240,1410,1420,1410,1410,1390,1420,1460,1340,1210,1290
86,Aruba,17924,18141,18359,18577,18795,19013,19231,19449,19667,19885,20103,20320,20538,20756,20974,21192,21410,21628,21846,22064,22282,22499,22717,22935,23153,23371,15200,17700,21000,23500,24000,25100,25700,26700,28000,27900,27400,28400,28100,27600,29000,29700,29100,29100,30900,30500,30500,31100,31200,27200,26200,26800,26300,27800,27600,28400,28900,30300,31700,31800,25800,30300
87,Afghanistan,0,0,0,0,0,0,0,0,0,0,5,17,29,41,53,65,77,89,101,113,125,137,149,161,173,185,197,209,221,233,245,257,269,281,293,305,317,329,341,353,365,377,360,363,354,380,384,429,437,512,569,551,596,608,603,592,590,589,579,584,553,426
88,Angola,1706,1723,1740,1757,1774,1791,1808,1825,1842,1859,1876,1893,1910,1927,1944,1961,1978,1995,2012,2029,2660,2450,2360,2380,2430,2430,2410,2420,2490,2400,2250,2190,2000,1470,1450,1610,1770,1830,1860,1840,1830,1850,2030,2020,2170,2400,2590,2840,3050,2960,2990,2980,3120,3150,3190,3100,2910,2810,2680,2570,2350,2300
89,Albania,0,0,0,0,0,0,0,0,0,0,61,143,225,307,389,471,553,636,718,800,1740,1800,1820,1800,1740,1740,1800,1750,1690,1810,1610,1160,1090,1200,1310,1490,1630,1460,1600,1820,1960,2140,2250,2380,2520,2680,2850,3040,3300,3430,3580,3680,3740,3780,3860,3950,4090,4250,4430,4540,4410,4830
90,Andorra,34325,34370,34415,34459,34504,34548,34593,34637,34682,34726,43300,42200,42600,43000,42600,40300,39200,38200,36800,35200,34400,33100,32100,31200,30500,30000,29800,30100,30300,30600,30600,30300,29600,28400,28100,28100,28800,31100,31900,33000,33900,35700,35700,37300,38700,39300,41000,42700,41500,40400,40900,41500,39200,37600,38400,38900,39900,39300,39300,39400,34400,36800
91,United Arab Emirates,118111,116647,115183,113719,112255,110791,109326,107862,106398,104934,103470,102006,100542,99077,97613,102000,105000,111000,95900,103000,114000,110000,96700,86900,85500,78200,62400,60200,54800,57900,64599,61600,60500,58300,59500,60700,60800,61600,58100,56300,59100,56800,55300,57300,60000,58700,56300,48500,42000,34800,33300,35300,36600,38000,39200,41500,43500,43400,43600,43800,41300,42500
92,Armenia,0,0,0,0,0,0,0,0,0,0,0,0,0,0,0,0,0,0,0,0,0,0,0,0,0,0,0,78,206,333,1640,1430,840,792,855,928,990,1030,1120,1170,1250,1390,1580,1820,2020,2310,2640,3020,3250,2810,2890,3040,3280,3400,3540,3670,3690,3990,4220,4560,4260,4520
93,American Samoa,10884,10923,10963,11003,11042,11082,11122,11161,11201,11240,11280,11320,11359,11399,11439,11478,11518,11557,11597,11637,11676,11716,11756,11795,11835,11874,11914,11954,11993,12033,12073,12112,12152,12191,12231,12271,12310,12350,12390,12429,12469,12508,12800,13000,13100,13100,12700,13000,12800,12400,12500,12700,12200,12100,12500,13100,13100,12400,13000,13300,14300,14400
94,Antigua and Barbuda,3185,3424,3663,3902,4141,4380,4619,4858,5097,5336,5575,5814,6053,6293,6532,6771,7010,5400,5620,6050,6510,6740,6720,7060,7780,8420,9440,10100,10700,11300,11700,11900,11900,12300,12900,12100,12600,13000,13400,13600,14200,13400,13400,14000,14700,15400,17200,18500,18200,15800,14400,13900,14200,14000,14400,14900,15600,16000,17000,17700,14000,14700
95,Azerbaijan,0,0,0,0,0,0,0,0,0,0,0,0,0,0,0,0,0,0,0,0,0,0,0,0,0,62,225,388,552,715,2820,2760,2110,1600,1260,1100,1110,1160,1260,1340,1480,1610,1750,1920,2080,2630,3500,4330,4690,5020,5220,5150,5190,5430,5510,5500,5270,5230,5260,5350,5080,5340
96,Bulgaria,615,729,842,956,1069,1182,1296,1409,1523,1636,1750,1863,1977,2090,2203,2317,2430,2544,2657,2771,3430,3580,3660,3770,3890,4000,4170,4410,4890,4780,4430,4090,3840,3810,3890,4020,4250,3680,3840,3540,3720,3940,4260,4520,4850,5230,5630,6050,6460,6290,6430,6610,6690,6690,6800,7070,7340,7600,7860,8230,7960,8630
97,Bahrain,14709,14858,15007,15155,15304,15452,15601,15750,15898,16047,16195,16344,16493,16641,16790,16939,17087,17236,17384,17533,21300,19400,17300,17800,18000,16500,16200,17200,17800,17200,17400,18700,19300,21000,20300,20400,20600,20600,20900,21200,21700,21700,21900,22300,22300,22000,21800,22000,21900,21200,21500,21900,22500,23000,23100,22800,22800,23000,23000,23400,22500,23200
98,Bosnia and Herzegovina,0,0,0,0,0,0,0,0,0,0,0,0,0,0,0,0,0,0,0,0,0,0,0,0,0,0,0,65,233,401,570,738,906,1074,647,785,1420,1850,2100,2280,2550,2610,2740,2850,3060,3220,3420,3670,3930,3880,3980,4090,4130,4300,4400,4600,4800,5020,5260,5480,5370,5860
99,Belarus,0,0,0,0,0,0,0,0,0,0,0,0,0,0,0,0,0,0,0,0,0,101,269,436,604,771,939,1106,1274,1441,2890,2850,2570,2370,2100,1890,1950,2180,2370,2460,2620,2750,2910,3140,3520,3880,4290,4680,5180,5200,5620,5940,6050,6110,6210,5970,5810,5960,6170,6260,6250,6420
100,Barbados,11024,11138,11253,11368,11482,11597,11712,11827,11941,12056,12171,12285,12400,12515,11600,11300,11800,12100,12700,13600,14100,13800,13100,13100,13500,13600,14300,14600,15100,15700,15200,14500,13700,13700,14000,14200,14800,15400,16000,16000,16700,16300,16300,16600,16800,17400,18400,18700,18700,17700,17200,17100,17000,16700,16600,17000,17400,17400,17200,17200,14900,14800
101,Brunei,53813,53375,52937,52499,52061,51623,51185,50747,50309,49871,49433,48995,48557,48119,43500,42200,49000,52600,54400,64500,58100,45100,45400,44100,42900,40800,38400,37800,37000,35400,34700,34800,35400,34600,34800,35500,35700,34400,33400,33700,34000,34200,34900,35200,34800,34300,35200,34700,33500,32500,32800,33600,33500,32299,31200,30700,29600,29700,29400,30300,30400,29700
102,Bhutan,0,0,0,0,0,0,0,0,0,0,0,0,0,0,0,0,0,0,0,0,394,439,440,471,478,483,522,654,666,695,747,732,796,851,893,944,978,1010,1050,1110,1120,1180,1270,1340,1390,1460,1540,1800,1860,1960,2170,2320,2410,2440,2550,2700,2890,3000,3070,3220,2880,2980
103,Canada,22812,23184,23557,23929,24301,24673,25046,25418,25790,26162,26535,26907,27279,27651,28023,28396,28768,29140,29512,29885,30257,30629,31001,31374,31746,32118,32490,32862,33235,33607,33979,34351,34724,35096,35468,35840,36213,33900,34900,36400,37900,38200,38900,39300,40100,41000,41600,42100,42100,40400,41200,42000,42300,42800,43600,43600,43500,44300,44900,45100,42300,43900
104,Switzerland,45109,45812,46516,47219,47922,48626,49329,50032,50735,51439,52142,52845,53549,54252,54955,55658,56362,57065,57768,58472,59900,60500,59400,59500,61100,63000,63900,64500,66100,68400,70100,68600,67800,67100,67400,67300,67300,68600,70500,71300,73700,74400,73800,73300,74700,76300,78900,81300,82500,79600,81300,81900,82000,82500,83400,83800,84600,85000,86800,87100,84400,87300
105,Comoros,1119,1122,1125,1128,1132,1135,1138,1141,1144,1147,1150,1153,1157,1160,1163,1166,1169,1172,1175,1178,1210,1220,1260,1290,1310,1300,1290,1280,1270,1200,1230,1130,1200,1210,1120,1140,1100,1120,1110,1110,1200,1210,1210,1210,1210,1220,1230,1210,1240,1250,1270,1300,1310,1340,1340,1320,1340,1360,1380,1380,1350,1360
106,Cape Verde,0,0,0,0,0,0,0,0,0,0,0,0,0,0,0,0,0,9,86,163,543,580,588,635,650,697,708,729,763,796,787,781,845,896,1040,1160,1260,1370,1510,1640,1840,1850,1920,1970,2150,2270,2420,2750,2900,2830,2850,2920,2920,2910,2890,2890,2990,3070,3170,3320,2800,2970
107,Cuba,1755,1846,1937,2028,2119,2210,2301,2392,2483,2574,2610,2780,2870,2930,2920,3160,3300,3570,3780,3800,3610,4300,4650,4870,5210,5250,5210,5040,5180,5160,4960,4400,3860,3270,3280,3350,3600,3690,3680,3900,4110,4230,4280,4430,4680,5190,5810,6230,6480,6570,6720,6900,7110,7290,7360,7680,7720,7870,8050,8040,7170,7290
108,Cayman Islands,138046,136994,135942,134890,133838,132786,131734,130682,129630,128578,127526,126475,125423,124371,123319,122267,121215,120163,119111,118059,117007,115955,114903,113852,112800,111748,110696,109644,108592,107540,106488,105436,104384,103332,102281,101229,100177,99125,98073,97021,95969,94917,93865,92813,91761,90710,96200,96300,93200,84000,79500,78400,77500,76600,76900,77300,78100,78900,80600,82100,76100,76600
109,Cyprus,2387,2837,3288,3738,4189,4639,5089,5540,5990,6441,6891,7342,7792,8243,8693,6170,7480,8710,9350,10200,10700,10800,11300,11800,12700,13100,13500,14300,15300,16300,17100,16800,17900,17600,18300,19500,19400,19600,20600,21300,22400,23000,23600,23900,24800,25600,26400,27200,27400,26200,26100,25500,24300,22700,22600,23500,24900,26100,27200,28400,26800,28300
110,Czech Republic,0,0,130,468,806,1144,1482,1820,2158,2496,2834,3172,3510,3848,4186,4524,4862,5200,5538,5876,6214,6552,6890,7228,7566,7904,8242,8580,8918,9256,11600,10300,10200,10200,10500,11200,11700,11700,11600,11800,12300,12700,13000,13400,14100,15000,15900,16700,17000,16200,16500,16800,16600,16600,17000,17800,18200,19100,19700,20200,19000,20100
111,Germany,13375,13880,14386,14891,15396,15901,16406,16911,17416,17921,17900,18400,19100,20000,20100,20000,21100,21900,22600,23500,23800,23900,23800,24200,25000,25600,26200,26500,27400,28300,29500,30800,31100,30600,31200,31600,31800,32299,33000,33600,34500,35000,34900,34600,35000,35300,36700,37800,38300,36200,37800,40000,40100,40100,40900,41100,41700,42600,42900,43300,41700,42700
112,Djibouti,0,0,0,0,0,0,0,0,0,0,0,0,0,0,0,0,0,0,0,0,0,0,0,0,0,0,0,0,0,1,93,186,278,370,463,555,647,740,832,924,1017,1109,1201,1294,1386,1478,1571,1663,1755,1848,1940,2032,2125,2170,2280,2410,2540,2630,2710,2820,2810,2910
113,Dominica,1088,1210,1331,1453,1574,1696,1818,1939,2061,2182,2304,2426,2547,2669,2790,2912,3034,2930,3230,2620,2970,3290,3440,3540,3710,3780,4070,4350,4720,4740,5030,5120,5230,5340,5340,5500,5670,5800,6030,6080,6250,6270,6080,6450,6630,6670,6970,7410,7930,7840,7900,7880,7780,7710,8010,7720,7930,7370,7590,7940,6570,6960
114,Eritrea,867,864,861,858,855,853,850,847,844,841,839,836,833,830,827,825,822,819,816,813,811,808,805,802,800,797,794,791,788,786,783,780,601,661,778,757,788,841,844,832,794,839,835,780,760,761,741,740,650,658,659,702,721,718,716,713,710,707,704,702,699,696
115,Estonia,0,0,0,0,0,0,0,0,0,0,0,0,0,0,0,0,0,0,0,0,334,844,1354,1865,2375,2885,3395,3905,4416,4926,5436,5946,6456,6967,7477,7140,7600,8690,9160,9090,9960,10600,11400,12400,13300,14600,16200,17500,16600,14200,14600,15700,16300,16600,17100,17400,17900,19000,19600,20300,20100,21700
116,Ethiopia,0,0,0,0,0,0,0,0,0,0,0,11,24,36,49,61,74,87,99,112,124,305,296,312,296,256,272,300,290,279,276,246,216,236,235,242,263,263,246,251,259,272,268,255,282,306,330,357,385,407,445,481,508,547,587,630,671,716,744,785,811,835
117,Faeroe Islands,52700,52700,52700,52700,52700,52700,52700,52700,52700,52700,52700,52700,52700,52700,52700,52700,52700,52700,52700,52700,52700,52700,52700,52700,52700,52700,52700,52700,52700,52700,52700,52700,52700,52700,52700,52700,52700,52700,52700,52700,52700,52700,52700,52700,52700,52700,52700,52700,52700,52700,52700,52700,52700,52700,52700,52700,52700,52700,52700,52700,52700,52700
118,"Micronesia, Fed. Sts.",2139,2153,2168,2182,2197,2211,2226,2240,2255,2269,2284,2298,2313,2327,2342,2356,2371,2385,2400,2414,2429,2443,2458,2472,2487,2501,2410,2380,2380,2420,2470,2600,2640,2770,2680,2830,2730,2560,2630,2660,2780,2840,2850,2900,2820,2890,2910,2870,2830,2880,2950,3040,2970,2850,2770,2890,2910,2970,2960,2980,2910,2790
119,Isle of Man,0,0,0,0,0,0,0,0,0,0,0,0,0,0,0,0,0,0,0,0,2009,4357,6704,9052,18300,18400,21800,23700,26100,27400,28100,28100,28200,28700,29700,30800,33000,35400,39700,44500,46300,48300,50800,53300,55500,58300,62100,66100,68600,69200,70800,71800,77000,80400,84800,84800,90800,94900,96800,96900,95914,98261
120,Georgia,2458,2474,2490,2506,2523,1800,1910,2010,2080,2160,2400,2430,2470,2610,2820,3000,3160,3360,3590,3820,3960,4140,4180,4330,4520,4700,4280,4300,4490,4160,3550,2780,1520,1070,970,1030,1190,1360,1440,1510,1570,1670,1770,1980,2110,2330,2560,2900,2980,2900,3100,3360,3600,3740,3900,4010,4130,4330,4540,4770,4450,4930
121,Guinea,183,194,205,217,228,239,250,262,273,284,296,307,318,330,341,352,364,375,386,397,409,420,431,443,454,465,522,526,544,551,555,547,547,557,562,572,581,598,609,618,621,635,658,651,653,659,653,682,693,669,684,705,728,739,747,756,817,878,911,938,959,973
122,Gambia,603,604,605,606,607,608,537,523,557,554,571,555,540,572,588,642,668,670,690,659,678,677,650,696,695,664,666,656,659,671,668,661,657,653,634,620,616,628,631,652,668,687,646,671,697,661,638,638,657,679,697,621,634,632,605,612,606,618,646,669,656,666
123,Guinea-Bissau,614,614,613,613,613,612,612,611,611,611,616,589,625,624,632,644,636,554,589,581,483,561,575,547,588,603,589,596,614,641,670,690,677,669,670,682,746,779,550,545,564,564,546,537,539,548,547,551,554,558,569,599,573,576,567,586,607,628,621,634,605,614
124,Equatorial Guinea,0,0,0,0,0,0,0,0,0,0,0,0,0,0,0,0,0,0,0,0,468,470,452,445,423,452,420,421,415,394,373,356,462,495,556,629,1010,2420,2890,3490,3940,6130,6990,7600,10000,11200,11500,12700,14200,13700,11900,12200,12600,11600,11200,9790,8590,7820,7080,6470,6030,5830
125,Grenada,670,810,950,1090,1230,1370,1510,1650,1790,1930,2070,2210,2350,2490,2630,2770,2910,3060,3240,3440,3440,3480,3570,3640,3720,3900,4170,4560,4730,4940,5150,5180,5070,4920,4950,5020,5200,5420,6030,6400,6680,6510,6720,7320,7220,8120,7750,8170,8190,7600,7510,7510,7360,7460,7940,8380,8620,8930,9250,9250,7920,8220
126,Greenland,10142,10748,11354,11961,12567,13174,13780,14387,14993,15599,15400,17100,17700,18700,19500,19600,20700,22700,24200,25200,27000,26800,25300,25900,24300,24900,26600,27700,28900,30500,26800,26800,25500,24300,25600,26400,26800,27100,29200,29600,31600,31900,31500,32800,35000,36700,38800,39900,42500,42900,43200,43000,43700,43300,45500,44500,46600,46600,47000,47900,48000,47133
127,Guam,23286,23469,23651,23834,24016,24199,24381,24564,24746,24929,25111,25294,25476,25659,25841,26024,26206,26389,26571,26754,26936,27119,27301,27484,27666,27849,28031,28214,28396,28579,28761,28944,29126,29308,29491,29673,29856,30038,30221,30403,30586,30768,29500,29600,31400,32500,31300,31500,32100,32299,33000,32800,33400,33800,34300,34500,34500,34800,34500,35400,31200,31300
128,"Hong Kong, China",0,3960,4330,4850,5140,5740,5790,5740,5810,6360,6780,7120,7730,8440,8370,8250,9470,10400,11100,11700,12600,13400,13600,14200,15400,15400,16900,18900,20400,20600,21400,22400,23600,24600,25500,25600,25600,26600,24900,25200,26900,26900,27200,28100,30300,32400,34500,36400,36900,35900,38100,39700,39900,41000,41800,42400,43100,44400,45300,44200,41400,44500
129,Croatia,0,157,392,627,862,1097,1332,1567,1802,2036,2271,2506,2741,2976,3211,3446,3680,3915,4150,4385,4620,4855,5090,5325,5559,5794,6029,6264,6499,6734,6969,7203,7438,7673,7908,7230,7780,8310,8500,8480,8810,9430,9970,10500,11000,11400,12000,12600,12800,11900,11800,11800,11600,11600,11600,12000,12500,13000,13500,14100,12900,15200
130,Hungary,0,0,0,0,0,0,257,520,783,1046,1309,1572,1835,2098,2361,2624,2887,3150,3413,3676,3939,4203,4466,4729,4992,5255,5518,5781,6044,6307,6570,7590,7360,7330,7550,7680,7700,7950,8280,8560,8970,9350,9830,10300,10800,11300,11700,11800,11900,11200,11300,11600,11500,11700,12200,12700,13000,13600,14400,15100,14400,15500
131,Ireland,0,0,0,0,0,0,0,0,591,1849,12200,12400,13000,13400,13800,14300,14300,15300,16100,16400,16700,17100,17300,17100,17800,18300,18200,19100,20100,21400,23200,23500,24100,24600,26000,28300,30200,33100,35700,39000,42100,43600,45400,46000,48300,50000,51000,52200,48900,45900,46400,46600,46400,46700,50400,62100,62600,67500,72300,75200,79100,89000
132,Iraq,677,741,805,869,933,997,1061,1125,1280,1280,1290,1310,1320,1330,1490,1620,1840,1820,2060,2410,2910,2800,2820,2380,2270,2250,2300,2440,2390,2250,3510,1250,1610,2000,1980,1950,2100,2460,3220,3660,4140,4080,3630,2230,3320,3280,3440,3530,3750,3740,3850,4000,4360,4480,4330,4420,4900,4700,4710,4850,4200,4220
133,Iceland,10646,11426,12207,12988,13769,14550,15331,16111,16892,17673,18454,19235,20016,20796,21577,22358,23139,23920,24701,25481,26262,27043,27824,28605,29385,30166,30947,31728,32509,33290,34070,34851,35632,36413,37194,34200,35600,37300,39600,40700,42200,43300,43100,43800,46800,48900,50700,53600,53800,49500,48200,48900,49200,50900,51200,53000,55500,56500,57700,57800,53000,54400
134,Israel,5598,6156,6715,7274,7833,8392,8951,9510,10069,10628,11187,11746,12305,12863,13422,13981,14540,15099,15658,16217,16776,17335,17894,18453,19011,19570,20129,20688,21247,21806,22365,22924,23483,24042,24601,25900,26700,27000,27500,27700,29300,28700,28100,28000,28800,29500,30600,31900,32299,31900,33000,34200,34500,35300,36000,36200,37100,38000,38700,39600,38200,40800
135,Jamaica,4119,4137,4156,4175,4193,4212,3970,3990,4170,4350,4810,4860,5650,5260,4960,4880,4490,4320,4260,4170,3880,3920,3940,3960,3840,3680,3710,3970,4100,4360,4500,4680,4730,5120,5140,5210,5160,5050,4890,4910,4920,4960,5040,5200,5240,5260,5390,5440,5380,5120,5030,5090,5030,5040,5050,5080,5130,5170,5260,5310,4770,4970
136,Jordan,3679,3688,3697,3706,3715,3725,3734,3743,3752,3761,3771,3780,3789,3798,3807,3816,2950,3090,3440,4020,4310,4860,4980,4660,4650,4320,4360,4260,4130,3510,3330,3210,3490,3450,3450,3520,3480,3500,3520,3560,3640,3750,3880,3950,4180,4410,4450,4520,4730,4860,4870,4870,4920,4730,4350,4060,3950,3950,3930,3920,3770,3780
137,Kazakhstan,0,0,0,0,0,0,0,0,0,0,0,0,0,0,0,0,0,0,0,24,303,583,862,1141,1420,1699,1978,2257,2536,2815,5830,5160,4890,4450,3950,3700,3780,3900,3890,4040,4450,5060,5550,6050,6580,7160,7840,8440,8550,8490,8980,9510,9820,10300,10500,10500,10500,10800,11100,11400,11000,11300
138,Kyrgyz Republic,636,643,650,657,664,671,678,685,691,698,705,712,719,726,733,740,747,754,761,768,775,782,789,796,803,810,1020,1040,1150,1160,1200,1090,928,785,627,587,620,671,675,689,718,749,742,786,831,821,837,900,966,982,966,1010,994,1080,1100,1120,1150,1180,1200,1230,1100,1120
139,Cambodia,0,0,0,0,0,0,0,0,0,0,0,0,0,0,0,0,0,0,0,0,0,0,0,0,0,0,0,0,40,82,123,165,206,564,354,379,392,399,409,452,488,518,543,578,627,698,760,823,863,851,889,938,992,1050,1110,1170,1240,1300,1380,1470,1400,1430
140,Kiribati,2331,2311,2292,2272,2252,2233,2213,2194,2174,2155,1780,1710,1880,2240,3230,3420,2520,2420,2460,2160,1780,1750,1730,1650,1650,1550,1530,1500,1600,1510,1460,1440,1420,1410,1420,1400,1400,1400,1460,1410,1480,1430,1450,1450,1400,1440,1410,1410,1360,1340,1300,1300,1350,1380,1350,1460,1430,1400,1460,1420,1390,1390
141,St. Kitts and Nevis,0,0,0,0,0,0,0,227,628,1028,1429,1830,2230,2631,3032,3433,3833,4440,4630,5000,5440,5550,5600,5690,6230,6800,7580,8130,8940,9510,10100,9900,10200,10800,11200,11700,12200,12800,12600,12800,13900,14500,14600,14000,14500,15900,16300,16400,18100,17500,17400,17700,17500,18500,19900,20000,20800,20800,21300,22100,18900,18800
142,Kosovo,0,0,0,0,0,0,0,0,0,0,0,0,0,0,0,0,0,0,0,0,0,0,0,0,0,0,0,0,0,0,57,196,334,473,612,751,890,1029,1168,1307,1446,1585,1724,1863,2002,2140,2279,2418,2620,2730,2840,3000,3020,3160,3280,3520,3740,3890,4010,4220,3990,4430
143,Kuwait,37378,37266,37154,37042,36930,36818,36706,36594,36482,36370,36258,36146,36034,35922,35810,35698,35586,35474,35362,35250,35138,35026,34914,34802,34690,34578,34466,34355,34243,34131,34019,33907,22600,29600,32400,33700,32900,32600,32700,31200,31700,30800,30900,35300,38000,40500,41200,41100,39900,35100,32600,33400,33000,31100,30300,29300,29100,27200,26700,25800,23900,30548
144,Lao,0,0,0,0,0,0,0,0,0,0,0,0,0,0,0,0,0,0,0,0,0,25,83,141,580,592,604,579,551,611,634,643,660,681,718,750,783,819,836,882,917,954,995,1040,1090,1150,1230,1300,1380,1470,1570,1670,1780,1890,2010,2130,2240,2360,2470,2560,2540,2570
145,Lebanon,168,311,454,598,741,885,1028,1171,1315,1458,1602,1745,1888,2032,2175,2319,2462,2605,2749,2892,3036,3179,3323,3466,3609,3753,3896,4040,3930,2220,2750,4030,4600,5000,5300,5540,6060,6010,6120,5990,5970,6100,6230,6350,6670,6750,6740,7230,7760,8450,9040,9030,9020,8540,7920,7800,8100,8360,8440,8070,6470,6100
146,Liberia,632,632,633,633,633,634,634,634,634,635,635,635,636,636,636,637,637,637,638,638,638,639,639,639,640,640,640,641,641,641,642,642,642,643,643,643,644,644,644,645,763,763,771,534,542,545,557,580,597,609,628,653,681,724,714,700,675,679,673,644,612,630
147,Libya,18979,18813,18646,18480,18313,18147,17980,17813,17647,17480,17314,17147,16980,16814,16647,16481,16314,16147,15981,15814,15648,15481,15314,15148,14981,14815,14648,14482,14315,14148,13982,13815,13649,13482,13315,13149,12982,12816,12649,11000,11200,10700,10400,11400,11600,12700,13200,13700,13400,12600,12900,6730,13300,10700,8060,7870,7640,9970,10600,9280,6970,9040
148,St. Lucia,2491,2642,2793,2944,3095,3246,3397,3548,3699,3850,4001,4152,4303,4454,4605,4756,4907,4210,4560,4650,4470,4660,4670,4820,5080,5420,6100,6250,7020,7560,8190,8110,8630,8550,8580,8620,8780,8640,9100,9260,9190,8820,8790,9090,9680,9580,10100,10200,10600,10300,10400,10900,10800,10400,10500,10300,10600,10900,11200,11100,8360,9360
149,Liechtenstein,168000,168000,168000,168000,168000,168000,168000,168000,168000,168000,168000,168000,168000,168000,168000,168000,168000,168000,168000,168000,168000,168000,168000,168000,168000,168000,168000,168000,168000,168000,168000,168000,168000,168000,168000,168000,168000,168000,168000,168000,168000,168000,168000,168000,168000,168000,168000,168000,168000,168000,168000,168000,168000,168000,168000,168000,168000,168000,168000,168000,168000,168000
150,Sri Lanka,0,646,655,656,666,666,683,710,734,772,785,779,760,799,814,848,860,887,921,963,1000,1040,1070,1110,1150,1190,1220,1220,1240,1250,1310,1360,1400,1480,1550,1620,1670,1770,1840,1910,2010,1970,2030,2130,2230,2350,2510,2660,2800,2880,3090,3330,3610,3730,3930,4060,4220,4440,4500,4460,4280,4380
151,Lithuania,0,0,0,0,0,0,0,0,0,0,0,0,0,0,0,0,0,0,0,0,0,0,0,0,0,0,0,355,864,1374,1883,2393,2903,3412,3922,4940,5230,5710,6180,6150,6420,6900,7420,8280,8920,9770,10700,12000,12400,10700,11100,12000,12700,13300,13900,14300,14800,15700,16400,17200,17200,18200
152,Latvia,0,0,0,0,0,0,0,0,0,0,0,0,0,0,0,0,0,0,0,0,0,0,0,0,170,619,1068,1517,1966,2415,2864,3313,3762,4211,4659,4970,5160,5670,6080,6300,6730,7240,7850,8590,9410,10500,11900,13200,12900,11200,11000,11500,12400,12800,13200,13800,14200,14800,15600,16100,15800,16600
153,"Macao, China",0,0,0,0,0,0,0,0,0,0,0,626,2152,3679,5206,6733,8260,9787,11314,12840,14367,15894,22800,24200,25300,24500,25100,27600,28600,28800,30000,30100,33100,34100,34800,35200,34400,33700,31600,30400,31700,32000,34100,37000,45600,47900,52900,59000,59400,58600,71500,84800,90800,98800,95000,73200,71400,77100,80500,77000,34600,40600
154,Morocco,235,279,324,369,414,458,729,781,835,881,898,924,923,933,961,1010,1090,1130,1120,1150,1160,1110,1170,1160,1200,1250,1330,1300,1430,1440,1470,1550,1490,1460,1590,1480,1640,1590,1680,1670,1680,1780,1810,1890,1960,2000,2120,2170,2260,2330,2390,2480,2520,2590,3050,3140,3120,3230,3300,3360,3080,3290
155,Monaco,45945,48046,50148,52250,54351,56453,58555,60656,62758,64860,72700,75500,78100,82500,85700,84000,86400,88300,90700,92900,93700,93800,95100,94800,94800,95100,96200,97500,101000,104000,106000,106000,107000,105000,107000,108000,109000,110000,113000,116000,120000,123000,125000,126000,130000,133000,141000,162000,163000,142000,142000,148000,147000,157000,165000,170000,175000,169000,179000,191000,167000,204000
156,Moldova,0,0,0,0,0,0,0,0,0,0,0,0,0,0,0,0,0,0,0,0,0,0,0,2,91,179,267,355,444,532,620,709,797,885,973,1500,1420,1450,1350,1310,1340,1420,1540,1640,1770,1910,2000,2070,2230,2100,2250,2390,2370,2590,2720,2730,2880,3070,3260,3440,3220,3690
157,Maldives,357,520,683,846,1008,1171,1334,1497,1660,1822,1985,2148,2311,2473,2636,2799,2962,3125,3287,3450,3613,3776,3939,4101,4264,4427,4590,4753,4915,5078,5241,5404,5567,5729,5892,5450,5750,6120,6460,6750,6900,6520,6880,7690,8020,6860,8450,8800,9300,8320,8620,9040,8950,9290,9580,9430,9620,9920,10300,10800,7010,9810
158,Marshall Islands,1528,1571,1614,1657,1699,1742,1785,1828,1871,1913,1956,1999,2042,2085,2128,2170,2213,2256,2299,2342,2384,2400,2420,2680,2680,2410,2890,3040,3160,3010,3020,2960,3110,3230,3360,3580,3160,2910,2840,2770,2790,2970,3070,3020,3070,3130,3140,3260,3020,3140,3330,3340,3350,3530,3550,3700,3860,4090,4370,4980,5040,5260
159,North Macedonia,147,230,312,395,478,561,644,727,810,893,976,1059,1142,1225,1308,1391,1473,1556,1639,1722,1805,1888,1971,2054,2137,2220,2303,2386,2469,2552,3570,3360,3170,2960,2930,2900,2920,2950,3040,3150,3280,3170,3240,3300,3450,3600,3780,4020,4230,4210,4340,4430,4410,4530,4690,4860,4990,5040,5180,5390,5070,5290
160,Mali,257,265,273,282,290,299,307,340,348,344,359,363,378,366,355,389,434,453,438,473,443,441,399,398,389,458,463,454,480,491,469,514,488,493,501,495,518,532,558,574,557,623,623,658,647,667,675,676,685,695,709,708,682,678,703,724,742,756,768,779,746,745
161,Malta,0,0,0,0,0,0,0,0,463,954,3140,3210,3400,3550,3900,4630,5400,6030,6630,7250,7680,7880,7890,7730,7800,7870,8040,8310,8930,9570,10100,10400,10800,11200,11700,12300,12700,13300,13900,14500,17200,16900,17200,17700,17700,18100,18500,19300,19900,19600,20600,20600,21200,22100,23300,24900,25200,27200,27900,28400,25400,27900
162,Myanmar,0,145,145,154,156,156,156,144,145,152,154,158,159,157,157,162,167,173,180,187,196,206,214,220,226,230,228,218,198,187,190,189,195,207,219,231,244,255,267,286,318,354,391,438,494,556,625,698,771,846,925,986,1040,1110,1200,1220,1340,1410,1490,1580,1620,1320
163,Montenegro,0,0,0,0,0,0,0,89,225,360,496,631,767,902,1038,1173,1309,1444,1580,1715,1850,1986,2121,2257,2392,2528,2663,2799,2934,3070,3205,3341,3476,3612,3747,3883,4018,4490,4720,4290,4430,4460,4530,4620,4820,5010,5440,5800,6210,5830,5980,6170,6000,6200,6310,6520,6710,7020,7380,7680,6520,7350
164,Mongolia,0,0,0,0,0,0,0,0,0,0,51,124,198,271,345,418,492,565,639,713,786,1430,1510,1560,1610,1660,1770,1790,1830,1860,1770,1590,1420,1350,1360,1430,1450,1490,1520,1550,1560,1590,1650,1750,1920,2040,2200,2400,2590,2520,2650,3060,3370,3700,3910,3920,3890,4020,4240,4390,4110,4110
165,Northern Mariana Islands,13362,13481,13600,13719,13838,13957,14076,14195,14314,14432,14551,14670,14789,14908,15027,15146,15265,15384,15502,15621,15740,15859,15978,16097,16216,16335,16453,16572,16691,16810,16929,17048,17167,17286,17405,17523,17642,17761,17880,17999,18118,18237,20800,21600,21700,19800,19200,18800,17600,15200,16300,15500,15700,16200,17000,17700,23000,28500,23200,20800,20496,20614
166,Mozambique,0,0,0,0,0,0,0,0,0,0,0,7,18,30,42,54,66,78,90,102,247,254,231,191,175,173,166,190,205,216,215,221,204,219,223,218,235,254,273,297,294,321,342,356,374,389,416,437,457,473,489,511,531,551,574,594,598,601,604,600,576,573
167,Mauritania,1512,1240,1210,1150,1430,1610,1570,1580,1690,1660,1800,1780,1720,1590,1730,1590,1680,1600,1550,1570,1580,1590,1510,1520,1420,1420,1460,1450,1430,1460,1400,1380,1360,1380,1290,1380,1430,1340,1340,1350,1270,1220,1220,1270,1300,1380,1600,1530,1490,1450,1450,1460,1480,1500,1520,1560,1540,1600,1630,1670,1610,1610
168,Mauritius,0,0,0,0,0,0,0,0,0,0,92,289,486,684,881,1078,2410,2520,2590,2630,2330,2430,2530,2520,2610,2770,3010,3260,3450,3580,3810,3940,4140,4300,4410,4560,4770,4980,5220,5290,5670,5810,5870,6170,6400,6470,6760,7110,7470,7690,8010,8320,8590,8860,9180,9510,9870,10200,10700,11000,9360,9700
169,Namibia,1892,1935,1978,2022,2065,2108,2151,2195,2238,2281,2324,2367,2411,2454,2497,2540,2584,2627,2670,2713,3560,3560,3480,3320,3230,3150,3200,3200,3120,2980,2860,2990,3100,2960,2910,2940,2950,3000,3020,3050,3080,3060,3150,3240,3590,3630,3850,4000,4050,4010,4190,4330,4480,4650,4850,4970,4880,4750,4710,4600,4160,4200
170,New Caledonia,32400,32400,32400,32400,32400,32400,32400,32400,32400,32400,32400,32400,32400,32400,32400,32400,32400,32400,32400,32400,32400,32400,32400,32400,32400,32400,32400,32400,32400,32400,32400,32400,32400,32400,32400,32400,32400,32400,32400,32400,32400,32400,32400,32400,32400,32400,32400,32400,32400,32400,32400,32400,32400,32400,32400,32400,32400,32400,32400,32400,32400,32400
171,Curaao,33941,33663,33386,33108,32831,32554,32276,31999,31721,31444,31167,30889,30612,30334,30057,29780,29502,29225,28947,28670,28392,28115,27838,27560,27283,27005,26728,26451,26173,25896,25618,25341,25063,24786,24509,24231,23954,23676,23399,23122,21500,22200,22200,21800,21500,21100,20900,21000,21200,21000,20700,20500,20400,20000,19500,19300,18900,18500,18200,17800,14700,15600
172,Nauru,0,0,0,0,0,0,0,0,0,0,0,0,0,0,0,0,0,0,0,0,0,0,0,0,0,0,0,0,0,0,0,0,0,0,0,0,0,237,577,917,1257,1597,1937,2276,3290,3190,3500,2710,3320,3620,4020,4410,4830,6160,7630,7740,7840,7230,7520,7390,7360,7350
173,New Zealand,14163,14598,15033,15468,15902,16337,16772,17207,17642,18077,18512,18947,19382,19817,20251,20686,21121,22500,22500,23100,23400,24400,24400,24900,25900,26100,26800,26900,26700,26600,26400,24900,24900,26200,27200,28000,28600,28800,28800,30200,30900,31700,32700,33500,34300,35100,35600,36400,35700,35300,35400,35900,36500,37200,38000,38600,39200,39800,40400,40600,39200,40400
174,Oman,8296,8530,8764,8999,9233,2690,2760,4490,7960,9760,10800,10600,11400,9470,10200,12200,14000,13500,12300,12200,12200,13500,14300,15700,17300,18600,17800,16200,16200,17100,16300,16400,17000,17300,17400,18000,18200,19000,19200,19000,20000,20600,20100,19300,19300,19400,20100,20600,21900,22900,21800,20100,19900,19400,18700,18800,18800,18300,18300,18000,17700,18300
175,Palau,7044,7173,7301,7430,7558,7686,7815,7943,8072,8200,8329,8457,8586,8714,8843,8971,9099,9228,9356,9485,9613,9742,9870,9999,10127,10256,10384,10513,10641,10769,10898,11026,11155,11283,11412,11540,11669,11797,11926,12054,11400,12100,12500,12100,12600,13200,13300,13700,13100,12400,12600,13700,14200,13800,14700,15800,15700,15100,15100,15100,13700,11800
176,Poland,0,0,0,0,0,0,0,0,0,0,0,0,0,0,0,0,0,0,0,0,251,608,965,1322,1679,2036,2393,2750,3107,3464,5110,4740,4840,5010,5260,5630,5970,6350,6640,6950,7340,7440,7590,7860,8260,8550,9080,9730,10100,10400,10800,11300,11500,11600,12000,12600,12900,13600,14400,15100,14800,15900
177,Palestine,347,397,448,499,549,600,651,701,752,802,853,904,954,1005,1056,1106,1157,1208,1258,1309,1360,1410,1461,1512,1562,1613,1663,1714,1765,1815,1866,1917,1967,2018,2140,2190,2120,2320,2590,2730,2440,2150,1840,2040,2430,2630,2540,2570,2690,2840,2930,3130,3240,3310,3230,3270,3480,3460,3420,3380,2920,3050
178,French Polynesia,30176,29998,29820,29642,29464,24600,26000,23900,26500,24900,24500,26400,24300,25400,28900,26600,27900,27600,29400,29600,28900,28700,28300,28200,28200,27200,30200,29800,28000,28000,27400,27800,26900,26100,25200,24700,24100,23700,23800,23800,24200,23700,23500,23700,23500,23300,22500,22300,21300,20400,19300,18200,17700,17700,17800,18300,18800,19000,19400,19700,17600,17700
179,Qatar,37748,38223,38697,39172,39647,40121,40596,41071,41545,42020,42494,42969,43444,43918,44393,44868,45342,45817,46292,46766,47241,47716,48190,48665,49140,49614,50089,50563,51038,51513,51987,52462,52937,53411,53886,54361,54835,55310,55785,56259,52200,51600,52600,52000,59600,58800,62000,60300,60500,60700,68300,73500,72900,72000,69700,67000,64200,60600,60100,59700,58500,61000
180,Romania,0,0,0,0,0,0,0,0,0,0,0,0,0,0,0,0,0,0,153,399,645,891,1137,1383,1629,1875,2121,2368,2614,2860,5020,4410,4060,4120,4290,4570,4760,4540,4460,4450,4570,4870,5250,5410,6010,6330,6870,7480,8310,7920,7660,8040,8230,8290,8660,8980,9290,10100,10800,11300,10900,11500
181,Russia,620,774,929,1083,1238,1392,1547,1702,1856,2011,2165,2320,2474,2629,2783,2938,3092,3247,3401,3556,3710,3865,4019,4174,4328,4483,4637,4792,4946,8110,7850,7430,6350,5800,5070,4860,4690,4760,4520,4820,5320,5620,5910,6370,6860,7320,7950,8640,9090,8380,8760,9120,9480,9620,9520,9310,9310,9470,9740,9960,9710,10200
182,Saudi Arabia,27141,26957,26773,26589,26404,26220,26036,25852,13200,13400,20400,23500,27400,32299,35600,30700,34300,34900,31500,33500,33700,32700,24700,19800,18000,15500,17400,15500,16800,16000,17700,19600,19600,18700,18300,17800,17800,17500,17600,16500,17000,16400,15500,16900,17800,18200,18000,17600,18000,17000,17300,18600,19200,19300,19600,20000,19900,19300,19300,19000,18100,18700
183,Solomon Islands,1911,1913,1915,1917,1920,1922,1924,1926,1929,1931,1933,1935,1938,1940,1942,1944,1947,1949,1951,1953,2250,2140,2030,2040,1980,1850,1790,1880,1840,1860,1850,1900,2080,2100,2210,2360,2330,2240,2210,2140,1790,1610,1530,1590,1670,1760,1790,1810,1880,1900,2030,2130,2130,2180,2150,2130,2200,2210,2220,2200,2080,2030
184,El Salvador,2450,2468,2486,2504,2522,2650,2770,2840,2860,2880,2900,2940,3040,3120,3200,3220,3310,3460,3570,3360,2780,2590,2400,2390,2380,2350,2310,2320,2320,2290,2360,2360,2480,2590,2680,2780,2780,2840,2900,2940,2960,2970,3000,3040,3070,3150,3290,3340,3400,3320,3370,3490,3570,3640,3690,3760,3850,3920,4010,4100,3760,4130
185,San Marino,88205,87442,86680,85917,85155,84393,83630,82868,82106,81343,80581,79818,79056,78294,77531,76769,76006,75244,74482,73719,72957,72194,71432,70670,69907,69145,68382,67620,66858,66095,65333,64571,63808,63046,62283,61521,60759,48800,51600,55400,55800,57800,56600,57500,59100,59700,61100,64500,63500,56300,52300,46600,42500,42000,41600,42300,42900,42800,43300,44100,41400,41699
186,Somalia,0,0,0,0,0,0,0,0,0,0,0,0,0,0,0,0,0,0,0,0,0,0,0,6,17,29,40,52,63,75,86,97,109,120,132,143,155,166,178,189,201,212,224,235,247,258,270,281,293,304,316,327,339,335,348,388,405,399,414,428,424,428
187,Serbia,0,0,0,0,0,0,0,0,0,0,0,0,0,0,0,0,0,0,49,206,363,520,677,834,992,1149,1306,1463,1620,1777,1934,2092,2249,2406,2563,2780,2960,3180,3300,3000,3190,3420,3640,3810,4160,4400,4650,4970,5270,5150,5210,5350,5340,5520,5460,5590,5810,5960,6260,6570,6550,7110
188,South Sudan,12990,12770,12551,12331,12112,11892,11673,11453,11234,11014,10795,10575,10356,10136,9917,9697,9478,9258,9039,8819,8600,8380,8160,7941,7721,7502,7282,7063,6843,6624,6404,6185,5965,5746,5526,5307,5087,4868,4648,4429,4209,3990,3770,3550,3331,3111,2892,2672,2290,2300,2300,2080,1070,1170,1200,1070,697,477,258,38,0,0
189,Sao Tome and Principe,0,0,0,0,0,0,0,0,0,0,14,48,82,116,150,184,218,252,286,320,355,389,423,457,491,525,559,593,627,661,695,730,764,798,832,866,900,934,968,1002,1036,1070,1080,1140,1150,1190,1270,1280,1330,1330,1390,1420,1430,1470,1540,1570,1610,1640,1670,1680,1700,1690
190,Slovak Republic,0,0,0,0,0,0,0,0,0,0,0,0,0,0,0,0,0,0,0,416,854,1292,1731,2169,2608,3046,3485,3923,4361,4800,5238,5677,6650,6760,7150,7540,8020,8480,8820,8800,8910,9220,9640,10200,10700,11400,12400,13700,14500,13700,14600,15000,15100,15200,15600,16400,16700,17200,17800,18200,17600,18200
191,Slovenia,1105,1486,1868,2250,2631,3013,3395,3776,4158,4540,4921,5303,5685,6066,6448,6830,7212,7593,7975,8357,8738,9120,9502,9883,10265,10647,11028,11410,11792,12173,12555,12937,13318,13700,14082,13300,13700,14400,14900,15700,16200,16700,17300,17800,18600,19200,20300,21600,22300,20400,20600,20700,20200,19900,20500,20900,21500,22600,23500,24100,22900,24700
192,Eswatini,173,233,293,352,412,471,531,591,650,710,946,1050,1070,1140,1170,1300,1230,1200,1180,1180,1280,1430,1400,1370,1410,1410,1520,1680,1710,1860,2170,2120,2110,2110,2160,2260,2300,2330,2360,2400,2410,2410,2490,2570,2650,2790,2940,3050,3060,3100,3200,3250,3410,3520,3530,3580,3590,3640,3700,3770,3670,3920
193,Sint Maarten (Dutch part),67573,66915,66257,65599,64940,64282,63624,62966,62308,61649,60991,60333,59675,59017,58358,57700,57042,56384,55726,55067,54409,53751,53093,52435,51776,51118,50460,49802,49144,48485,47827,47169,46511,45853,45194,44536,43878,43220,42562,41903,41245,40587,39929,39271,38612,37954,37296,36638,35980,32400,33600,35800,35000,33600,33100,32299,31500,29200,27100,28739,28081,27423
194,Syria,524,564,681,604,640,634,568,595,597,686,652,686,833,721,877,986,1070,1010,1080,1050,1160,1210,1210,1190,1060,1120,1000,983,1120,939,945,987,1080,1120,1170,1210,1300,1330,1380,1300,1270,1250,1270,1330,1380,1430,1440,1420,1430,1490,1540,1550,1150,891,856,857,813,806,803,781,727,1295
195,Turks and Caicos Islands,49780,49313,48847,48380,47914,47448,46981,46515,46049,45582,45116,44650,44183,43717,43250,42784,42318,41851,41385,40919,40452,39986,39520,39053,38587,38120,37654,37188,36721,36255,35789,35322,34856,34390,33923,33457,32990,32524,32058,31591,31125,30659,30192,29726,29260,28793,28327,27860,27394,26928,26461,25200,24000,23200,24200,25800,26400,24700,25100,25400,18100,18200
196,Tajikistan,925,923,922,920,918,917,915,913,912,910,908,907,905,903,902,900,898,897,895,893,892,890,888,887,885,1410,1410,1350,1500,1350,1310,1190,827,684,530,455,372,373,390,403,430,462,501,545,590,618,649,687,728,741,774,814,856,899,937,970,1010,1060,1120,1170,1200,1280
197,Turkmenistan,0,0,0,0,0,0,0,0,0,0,0,0,0,0,0,0,0,0,89,231,373,514,656,798,939,1081,1223,2660,2880,2680,3530,3280,2720,2680,2170,1970,2060,1800,1900,2180,2260,2330,2300,2350,2430,2710,2970,3250,3670,3840,4120,4640,5070,5480,5940,6210,6480,6780,7090,7420,6040,6182
198,Timor-Leste,0,0,0,0,0,0,0,0,0,0,0,0,0,0,0,0,0,0,0,0,0,29,69,110,150,191,231,272,312,353,393,434,474,514,555,595,636,676,717,757,948,1080,994,954,938,943,881,948,1030,1110,1190,1230,1270,1280,1310,1320,1350,1290,1260,1530,1990,2060
199,Tonga,1178,1233,1289,1345,1401,1456,1512,1568,1624,1680,1735,1791,1847,1903,1958,2014,2070,2126,2181,2237,2293,2290,2400,2450,2490,2650,2710,2780,2710,2710,2640,2810,2810,2900,3040,3260,3310,3330,3390,3500,3510,3620,3770,3830,3720,3700,3680,3670,3840,3630,3650,3890,3930,3950,4050,4120,4410,4560,4590,4630,4640,4480
200,Tunisia,615,672,730,788,845,1090,1100,1080,1160,1180,1210,1300,1490,1440,1520,1580,1660,1670,1730,1800,1890,1940,1880,1920,1980,2040,1960,2030,1990,1970,2090,2120,2240,2240,2270,2290,2420,2520,2600,2730,2830,2900,2910,3020,3180,3260,3400,3590,3710,3790,3860,3730,3840,3890,3970,3960,3960,4010,4070,4090,3700,3830
201,Tuvalu,1014,1060,1105,1151,1197,1243,1288,1334,1380,1425,1471,1517,1563,1608,1654,1700,1746,1791,1837,1883,1929,1974,2020,2066,2112,2157,2203,2249,2294,2340,2350,2390,2430,2510,2760,2610,2450,2690,3110,3060,3030,3030,3320,3160,3050,2870,2910,3080,3250,3000,2900,3050,2940,3050,3060,3380,3580,3660,3710,4180,4200,4280
202,Tanzania,0,0,0,0,0,0,0,18,37,55,73,92,110,129,147,166,184,202,221,239,258,276,294,313,331,350,368,386,512,517,539,536,526,516,504,506,519,526,532,543,552,569,594,617,646,675,699,726,747,767,794,831,844,874,905,929,959,990,1010,1040,1030,1040
203,Uganda,0,0,0,0,0,0,0,0,0,16,34,52,69,87,104,122,140,157,175,193,210,228,359,370,359,338,329,332,348,358,369,377,377,395,406,441,468,478,487,509,509,519,547,565,586,605,651,685,723,750,770,818,825,830,847,864,876,872,896,922,918,921
204,Ukraine,2351,2348,2345,2341,2338,2335,2332,2329,2326,2323,2319,2316,2313,2310,2307,2304,2301,2297,2294,2291,2288,2285,2282,2278,2275,2272,2269,3160,3220,3330,3110,2840,2550,2180,1690,1500,1360,1330,1320,1330,1420,1560,1660,1830,2070,2140,2320,2530,2600,2220,2320,2450,2460,2470,2350,2120,2190,2250,2340,2430,2350,2450
205,Uzbekistan,0,0,0,0,0,0,0,0,0,0,0,0,0,41,101,160,220,280,339,399,459,518,578,638,697,757,817,1470,1560,1570,1570,1520,1320,1260,1170,1140,1140,1180,1210,1250,1280,1310,1350,1390,1480,1560,1660,1790,1920,2040,2130,2230,2350,2490,2610,2750,2870,2940,3050,3160,3160,3330
206,Virgin Islands (U.S.),82753,81933,81112,80292,79472,78651,77831,77011,76190,75370,74550,73729,72909,72089,71268,70448,69628,68807,67987,67167,66346,65526,64705,63885,63065,62244,61424,60604,59783,58963,58143,57322,56502,55682,54861,54041,53221,52400,51580,50760,49939,49119,43200,43000,44500,46000,47700,49600,50200,46900,47200,43300,36900,34700,34100,34000,34600,34400,35200,36300,35600,32712
207,Vietnam,0,0,0,0,0,0,0,0,0,0,0,0,0,0,0,0,0,0,0,0,0,0,0,73,588,596,599,606,624,655,673,698,743,788,842,906,975,1040,1080,1120,1180,1240,1310,1390,1470,1570,1660,1770,1850,1930,2030,2140,2230,2330,2450,2600,2740,2900,3090,3290,3350,3410
208,Vanuatu,2485,2489,2492,2496,2500,2503,2507,2511,2514,2518,2522,2525,2529,2533,2537,2540,2544,2548,2551,2890,2500,2550,2540,2550,2730,2690,2620,2480,2380,2350,2570,2580,2580,2540,2700,2660,2660,2730,2700,2640,2730,2570,2380,2420,2450,2520,2670,2680,2760,2780,2750,2770,2730,2680,2700,2640,2700,2800,2820,2840,2620,2570
209,Samoa,837,896,955,1013,1072,1131,1189,1248,1307,1365,1424,1483,1541,1600,1659,1717,1776,1835,1893,1952,2011,2069,2340,2350,2390,2480,2620,2630,2580,2670,2550,2480,2460,2540,2450,2580,2740,2730,2760,2790,2910,3100,3250,3410,3500,3720,3790,3780,3890,3840,4050,4170,3980,3940,3930,4050,4330,4350,4280,4420,4220,3860
210,Yemen,2444,2435,2426,2418,2409,2400,2391,2382,2374,2365,2356,2347,2338,2329,2321,2312,2303,2294,2285,2276,2268,2259,2250,2241,2232,2223,2215,2206,2197,2188,1790,1830,1910,1910,1960,2000,2030,2080,2140,2160,2230,2250,2280,2300,2330,2390,2400,2400,2420,2440,2550,2160,2150,2190,2120,1490,1310,1220,1190,1923,1914,1906
